1,1,1,2,3,2,3,4,4,6,5,4,3,2,1,1,1,2,2,3,3,3,2,2,3,2,2,2,2,1,1,1
1,1,1,2,3,2,3,4,4,6,5,4,3,2,1,1,1,2,2,3,3,3,2,2,3,2,2,2,2,1,1,1
1,1,1,2,3,3,4,5,6,6,7,5,4,2,0,0,1,2,3,3,2,2,3,3,2,2,2,2,1,1,1,1
2,2,2,3,3,0,2,3,4,5,5,4,3,1,0,1,2,3,3,3,3,2,2,2,3,2,2,2,2,2,0,0
2,2,2,3,3,3,2,1,0,1,3,2,1,1,1,1,3,3,3,3,3,3,2,2,2,2,2,2,1,1,1,1
2,2,2,2,3,5,4,3,2,1,1,0,0,1,2,3,3,4,4,4,4,3,3,3,2,2,2,3,2,2,1,1
1,1,2,2,3,5,4,3,1,2,2,1,1,1,2,2,4,4,4,4,3,4,3,3,3,3,2,2,2,2,1,1
1,1,1,2,3,3,1,0,0,0,1,1,1,1,2,3,4,4,5,4,4,3,4,3,3,2,2,2,2,2,1,0
2,2,2,3,4,1,0,2,2,2,1,0,1,1,1,2,3,4,5,4,5,4,3,3,2,3,3,3,2,2,1,0
1,1,2,2,4,0,3,4,5,4,3,1,0,1,1,2,3,4,5,5,4,5,4,3,3,3,3,2,2,2,1,1
1,1,1,2,4,2,4,6,7,6,4,3,1,0,1,2,3,4,5,6,6,5,5,4,3,3,3,2,2,2,2,1
1,1,2,3,4,2,4,6,6,6,5,4,2,1,0,1,2,3,5,5,6,6,5,4,4,4,4,3,2,3,1,1
1,1,1,3,4,1,2,3,5,5,5,5,2,1,0,1,1,3,4,6,7,7,6,6,5,4,4,3,3,3,2,1
1,1,2,2,4,2,0,2,3,4,4,4,3,1,0,1,1,3,4,6,8,8,7,6,6,4,4,4,4,2,2,0
2,2,2,3,4,2,0,2,3,3,3,2,2,1,1,1,1,2,4,6,8,9,9,8,6,5,5,4,4,3,3,0
1,1,2,3,4,0,2,5,6,5,3,3,1,0,1,1,1,3,3,6,8,10,10,8,7,6,5,4,4,3,3,1
1,1,2,2,4,2,6,9,9,8,5,2,1,0,2,2,2,2,4,5,9,11,12,9,7,6,5,4,4,3,3,1
1,1,1,2,3,6,8,11,12,11,8,4,0,2,3,4,4,3,4,5,8,11,13,10,8,6,5,4,4,3,1,5
0,0,1,2,4,5,7,10,11,11,10,6,2,1,3,5,5,5,4,6,8,11,13,11,7,6,5,4,4,2,5,12
1,1,0,1,3,4,4,6,8,10,9,6,1,2,4,6,7,6,6,6,7,10,11,10,7,5,4,4,3,2,10,13
3,3,1,0,3,2,1,1,3,6,7,5,1,3,5,7,8,8,8,6,7,8,9,8,5,3,2,2,0,5,10,10
4,4,3,1,2,5,2,1,1,1,3,3,0,4,7,8,9,9,8,8,7,7,6,5,2,2,4,3,2,4,6,8
6,6,4,2,1,4,1,1,1,2,0,0,2,6,9,10,11,11,10,9,7,6,5,2,1,6,10,13,10,2,8,5
7,7,6,4,0,2,3,3,1,3,4,3,5,7,10,12,13,12,11,10,9,7,4,2,2,8,14,19,25,31,19,7
9,9,8,5,2,0,5,5,3,3,7,7,8,11,13,15,15,15,13,12,9,8,5,2,2,7,12,18,23,25,16,7
11,11,9,6,1,3,6,7,5,0,7,10,11,13,15,18,18,17,15,13,11,8,5,3,0,3,7,12,15,15,11,5
12,12,9,6,0,4,8,9,8,3,5,10,12,15,19,20,20,18,17,14,11,7,5,1,0,3,5,7,8,8,6,3
13,13,9,5,3,7,12,13,12,8,0,8,12,17,21,22,22,19,16,12,9,5,2,2,4,6,7,7,7,6,5,3
13,13,9,4,5,10,15,17,18,14,6,4,12,18,22,23,22,18,14,9,3,3,9,13,13,13,13,11,9,7,7,3
12,12,6,0,8,13,18,22,23,19,9,2,11,15,15,15,14,10,5,1,9,22,33,39,31,25,21,16,13,10,7,3
10,10,4,2,11,17,20,24,24,20,12,3,2,1,0,2,3,5,11,16,24,32,48,53,32,17,14,14,11,8,6,2
4,4,1,7,13,18,20,21,21,21,21,21,23,25,28,31,32,36,39,44,51,61,68,68,36,9,2,3,3,0,3,4
0,0,0,0,0,0,0,0,0,0,0,0,0,0,0,0,0,0,0,0,0,0,0,0,0,0,0,0
0,0,0,0,0,0,0,0,0,583912256,898400000,1106087936,0,0,0,0,1252496256,135176624,707362560,0,0,0,0,342540288,370827360,0,0,0
0,0,0,398855936,0,0,0,0,0,0,337098336,0,0,0,0,0,0,236061872,0,0,0,0,0,0,382078720,0,0,0
0,0,0,247378512,0,0,0,0,0,0,230513584,0,0,0,0,0,825328704,174392400,0,0,0,0,0,1403779712,123863552,0,0,0
0,0,106867712,219241648,0,0,0,0,0,965773248,101340416,0,0,0,0,0,825350592,1420665088,0,0,0,0,0,0,1409480064,0,0,0
0,0,0,292248928,0,0,0,0,0,0,555948736,0,0,0,0,0,0,746750144,0,0,0,0,0,0,0,0,0,0
0,0,0,0,0,0,0,0,0,0,0,0,0,0,0,0,0,0,0,0,0,0,0,0,0,0,0,0
11,7519098,43744,0,0,0,0,0,0,0,0,0,0,0,0,0,0,0,0,0,0,0,0,0,0,0,0,0
0,0,0,0,0,0,0,0,0,0,0,0,0,0,0,0,0,0,0,0,0,0,0,0,0,0,0,0
0,0,0,0,0,0,0,0,0,0,0,0,0,0,0,0,0,0,0,0,0,0,0,0,0,0,0,0
0,0,0,0,0,0,0,0,0,0,0,0,0,0,0,0,0,0,0,0,0,0,0,0,0,0,0,0
0,0,0,0,0,0,0,0,0,0,0,0,0,0,0,0,0,0,0,0,0,0,0,0,0,0,0,0
0,0,0,0,0,0,0,0,0,0,0,0,0,0,0,0,0,0,0,0,0,0,0,0,0,0,0,0
0,0,0,0,0,0,0,0,0,0,0,0,0,0,0,0,0,0,0,0,0,0,0,0,0,0,0,0
0,0,0,0,0,0,0,0,0,0,0,0,0,0,0,0,0,0,0,0,0,0,0,0,0,0,0,0
0,0,0,0,0,0,0,0,0,0,0,0,0,0,0,0,0,0,0,0,0,0,0,0,0,0,0,0
0,0,0,0,0,0,0,0,0,0,0,0,0,0,0,0,0,0,0,0,0,0,0,0,0,0,0,0
0,0,0,0,0,0,0,0,0,0,0,0,0,0,0,0,0,0,0,0,0,0,0,0,0,0,0,0
0,0,0,0,0,0,0,0,0,0,0,0,0,0,0,0,0,0,0,0,0,0,0,0,0,0,0,0
0,0,0,0,0,0,0,0,0,0,0,0,0,0,0,0,0,0,0,0,0,0,0,0,0,0,0,0
0,0,0,0,0,0,0,0,0,0,0,0,0,0,0,0,0,0,0,0,0,0,0,0,0,0,0,0
0,0,0,0,0,0,0,0,0,0,0,0,0,0,0,0,0,0,0,0,0,0,0,0,0,0,0,0
0,0,0,0,0,0,0,0,0,0,0,0,0,0,0,0,0,0,0,0,0,0,0,0,0,0,0,0
0,0,0,0,0,0,0,0,0,0,0,0,0,0,0,0,0,0,0,0,0,0,0,0,0,0,0,0
0,0,0,0,0,0,0,0,0,0,0,0,0,0,0,0,0,0,0,0,0,0,0,0,0,0,0,0
0,0,0,0,0,0,0,0,0,0,0,0,0,0,0,0,0,0,0,0,0,0,0,0,0,0,0,0
0,0,0,0,0,0,0,0,0,0,0,0,0,0,0,0,0,0,0,0,0,0,0,0,0,0,0,0
0,0,0,0,0,0,0,0,0,0,0,0,0,0,0,0,0,0,0,0,0,0,0,0,0,0,0,0
